#!/usr/bin/gnuplot -persist
se xla "level"
se yla "# 50k books"
se log y
p [38:114][1:10000] "< awk '{n+=$2; if (NF>=2) print $1+1, $2, n, (n/50000)}' gen_level | grep -v awk" u ($1):($4) t ""
exit

1	1
2	2
3	3
4	5
5	6
6	10
7	20
8	25
9	30
10	60
11	100
12	160
13	180
14	210
15	260
16	300
17	330
18	400
19	450
20	500
21	660
22	830
23	1000
24	1160
25	1330
26	1660
27	2000
28	2330
29	2660
30	3000
31	3330
32	3660
33	4000
34	4330
35	4660
36	5000
37	5330
38	5660
39	6000
40	6660
41	8330
42	10000
43	11660
44	13330
45	15000
46	16660
47	18330
48	20000
49	23330
50	26660
51	27000
52	29660
53	32260
54	37700
55	43000
56	48160
57	53200
58	58100
59	62860
60	67500
61	69860
62	75050
63	81640
64	87780
65	96260
66	104500
67	112480
68	120200
69	127680
70	142000
71	149330
72	161000
73	222130
74	268000
75	330000
76	390000
77	520000
78	650000
79	845000
80	1040000
81	1152000
82	1408000
83	1536000
84	1664000
85	1792000
86	2048000
87	2176000
88	2304000
89	2520000
90	2772000
91	3276000
92	3570000
93	3780000
94	4095000
95	4410000
96	4788000
97	5460000
98	6090000
99	6930000
100	8190000
101	8925000
102	9555000
103	10920000
104	12285000
105	13020000
106	13650000
107	15015000
108	15750000
109	16380000
110	17850000
111	23100000
112	27300000
113	28350000
114
115	30240000
116	31290000
117	32130000
118
119
120	34650000

# awk '{n+=$2; if (NF>=2) print $1+1, $2, n, int(n/500000)+1}' gen_level | awk 'BEGIN {o=1} {if (o != $4) print old; o=$4; old=$0}' | awk 'BEGIN {print "level", "#AC"} {print $1, 10*$4}'|column -t
