0     0       0   0   0   0
8     1       0   0   0   1
16    2       0   0   0   2
19    3       0   1   1   1
24    3       0   0   1   2
27    4       0   1   1   2
32    4       0   0   2   2
35    5       0   1   2   2
38    6       0   2   2   2
40    6       0   0   2   3
41    7       1   2   2   2
43    7       0   1   2   3
44    8       2   2   2   2
46    8       0   2   2   3
48    8       0   0   3   3
49    9       1   2   2   3
51    9       0   1   3   3
52    10      2   2   2   3
54    10      0   2   3   3
57    11      1   2   3   3
60    12      2   2   3   3
62    14      0   2   3   4
63    14      2   3   3   3
65    15      1   2   3   4
66    16      3   3   3   3
68    16      2   2   3   4
70    18      0   2   4   4
71    18      2   3   3   4
73    19      1   2   4   4
74    20      3   3   3   4
76    20      2   2   4   4
78    22      0   2   3   5
79    22      2   3   4   4
81    23      1   2   3   5
82    24      3   3   4   4
84    24      2   2   3   5
86    26      0   2   4   5
87    26      2   3   3   5
89    27      1   2   4   5
90    28      3   3   3   5
92    28      2   2   4   5
95    30      2   3   4   5
96    32      0   0   5   5
98    32      3   3   4   5
99    33      0   1   5   5
102   34      0   2   5   5
105   35      1   2   5   5
108   36      2   2   5   5
111   38      2   3   5   5
114   40      3   3   5   5
117   44      3   4   5   5
120   48      4   4   5   5
121   51      1   2   5   6
123   52      3   5   5   5
124   52      2   2   5   6
127   54      2   3   5   6
130   56      3   3   5   6
133   60      3   4   5   6
136   64      4   4   5   6
137   67      1   2   6   6
139   68      3   5   5   6
140   68      2   2   6   6
143   70      2   3   6   6
146   72      3   3   6   6
149   76      3   4   6   6
152   80      4   4   6   6
155   84      3   5   6   6
158   88      4   5   6   6
160   96      4   4   5   7
164   96      5   5   6   6
167   102     2   3   6   7
170   104     3   3   6   7
173   108     3   4   6   7
176   112     4   4   6   7
179   116     3   5   6   7
182   120     4   5   6   7
188   128     5   5   6   7
191   134     2   3   7   7
194   136     3   3   7   7
197   140     3   4   7   7
200   144     4   4   7   7
203   148     3   5   7   7
206   152     4   5   7   7
212   160     5   5   7   7
218   176     5   6   7   7
220   192     5   5   6   8
224   192     6   6   7   7
226   200     3   3   7   8
229   204     3   4   7   8
232   208     4   4   7   8
235   212     3   5   7   8
238   216     4   5   7   8
244   224     5   5   7   8
250   240     5   6   7   8
256   256     6   6   7   8
258   264     3   3   8   8
261   268     3   4   8   8
264   272     4   4   8   8
267   276     3   5   8   8
270   280     4   5   8   8
276   288     5   5   8   8
282   304     5   6   8   8
288   320     6   6   8   8
291   336     5   7   8   8
292   352     5   5   7   9
297   352     6   7   8   8
298   368     5   6   7   9
304   384     6   6   7   9
306   384     7   7   8   8
309   396     3   4   8   9
312   400     4   4   8   9
315   404     3   5   8   9
318   408     4   5   8   9
324   416     5   5   8   9
330   432     5   6   8   9
336   448     6   6   8   9
339   464     5   7   8   9
345   480     6   7   8   9
354   512     7   7   8   9
357   524     3   4   9   9
360   528     4   4   9   9
363   532     3   5   9   9
366   536     4   5   9   9
372   544     5   5   9   9
378   560     5   6   9   9
384   576     6   6   9   9
387   592     5   7   9   9
393   608     6   7   9   9
402   640     7   7   9   9
405   672     6   8   9   9
408   704     6   6   8   10
414   704     7   8   9   9
417   736     6   7   8   10
426   768     7   7   8   10
429   780     3   4   9   10
432   784     4   4   9   10
435   788     3   5   9   10
438   792     4   5   9   10
444   800     5   5   9   10
450   816     5   6   9   10
456   832     6   6   9   10
459   848     5   7   9   10
465   864     6   7   9   10
474   896     7   7   9   10
477   928     6   8   9   10
486   960     7   8   9   10
498   1024    8   8   9   10
501   1036    3   4   10  10
504   1040    4   4   10  10
507   1044    3   5   10  10
510   1048    4   5   10  10
516   1056    5   5   10  10
522   1072    5   6   10  10
528   1088    6   6   10  10
531   1104    5   7   10  10
537   1120    6   7   10  10
546   1152    7   7   10  10
549   1184    6   8   10  10
558   1216    7   8   10  10
570   1280    8   8   10  10
576   1344    6   6   9   11
579   1360    5   7   9   11
585   1376    6   7   9   11
588   1408    8   9   10  10
594   1408    7   7   9   11
597   1440    6   8   9   11
606   1472    7   8   9   11
618   1536    8   8   9   11
621   1548    3   4   10  11
624   1552    4   4   10  11
627   1556    3   5   10  11
630   1560    4   5   10  11
636   1568    5   5   10  11
642   1584    5   6   10  11
648   1600    6   6   10  11
651   1616    5   7   10  11
657   1632    6   7   10  11
666   1664    7   7   10  11
669   1696    6   8   10  11
678   1728    7   8   10  11
690   1792    8   8   10  11
696   1856    7   9   10  11
708   1920    8   9   10  11
720   2048    0   0   11  11
726   2048    9   9   10  11
729   2051    1   2   11  11
732   2052    2   2   11  11
735   2054    2   3   11  11
738   2056    3   3   11  11
741   2060    3   4   11  11
744   2064    4   4   11  11
747   2068    3   5   11  11
750   2072    4   5   11  11
756   2080    5   5   11  11
762   2096    5   6   11  11
768   2112    6   6   11  11
771   2128    5   7   11  11
777   2144    6   7   11  11
786   2176    7   7   11  11
789   2208    6   8   11  11
798   2240    7   8   11  11
810   2304    8   8   11  11
816   2368    7   9   11  11
828   2432    8   9   11  11
846   2560    9   9   11  11
855   2688    8   10  11  11
873   2816    9   10  11  11
900   3072    10  10  11  11
906   3200    7   7   11  12
909   3232    6   8   11  12
918   3264    7   8   11  12
930   3328    8   8   11  12
936   3392    7   9   11  12
948   3456    8   9   11  12
966   3584    9   9   11  12
975   3712    8   10  11  12
993   3840    9   10  11  12
1020  4096    10  10  11  12
1026  4224    7   7   12  12
1029  4256    6   8   12  12
1038  4288    7   8   12  12
1050  4352    8   8   12  12
1056  4416    7   9   12  12
1068  4480    8   9   12  12
1086  4608    9   9   12  12
1095  4736    8   10  12  12
1113  4864    9   10  12  12
1140  5120    10  10  12  12
1158  5376    9   11  12  12
1185  5632    10  11  12  12
1230  6144    11  11  12  12
1246  6656    9   9   12  13
1255  6784    8   10  12  13
1273  6912    9   10  12  13
1275  7168    11  12  12  12
1300  7168    10  10  12  13
1318  7424    9   11  12  13
1345  7680    10  11  12  13
1390  8192    11  11  12  13
1406  8704    9   9   13  13
1415  8832    8   10  13  13
1433  8960    9   10  13  13
1435  9216    11  12  12  13
1460  9216    10  10  13  13
1478  9472    9   11  13  13
1505  9728    10  11  13  13
1550  10240   11  11  13  13
1595  11264   11  12  13  13
1640  12288   12  12  13  13
1655  13312   11  13  13  13
1665  13824   10  11  13  14
1700  14336   12  13  13  13
1710  14336   11  11  13  14
1755  15360   11  12  13  14
1760  16384   13  13  13  13
1800  16384   12  12  13  14
1815  17408   11  13  13  14
1825  17920   10  11  14  14
1860  18432   12  13  13  14
1870  18432   11  11  14  14
1915  19456   11  12  14  14
1920  20480   13  13  13  14
1960  20480   12  12  14  14
1975  21504   11  13  14  14
2020  22528   12  13  14  14
2080  24576   13  13  14  14
2120  27476   12  12  13  19
2135  28500   11  13  13  19
2140  28524   12  13  13  18
2150  28524   11  11  14  18
2160  28676   12  12  13  20
2180  29524   12  13  13  19
2190  29524   11  11  14  19
2195  29548   11  12  14  18
2200  29772   12  12  14  17
2235  30548   11  12  14  19
2240  30572   12  12  14  18
2280  31572   12  12  14  19
2295  32596   11  13  14  19
2300  32620   12  13  14  18
2320  32772   12  12  14  20
2340  33620   12  13  14  19
2360  34272   12  12  14  21
2380  34820   12  13  14  20
2400  35668   13  13  14  19
2420  36320   12  13  14  21
2440  36868   13  13  14  20
2460  38120   12  13  14  22
2480  38368   13  13  14  21
2520  40168   13  13  14  22
2555  41640   11  12  19  19
2560  41664   12  12  18  19
2600  42664   12  12  19  19
2615  43688   11  13  19  19
2620  43712   12  13  18  19
2640  43864   12  12  19  20
2660  44712   12  13  19  19
2680  45064   12  12  20  20
2700  45912   12  13  19  20
2720  46564   12  12  20  21
2740  47112   12  13  20  20
2760  47960   13  13  19  20
2780  48612   12  13  20  21
2800  49160   13  13  20  20
2820  50112   12  13  21  21
2840  50660   13  13  20  21
2860  51912   12  13  21  22
2880  52160   13  13  21  21
2900  53712   12  13  22  22
2920  53960   13  13  21  22
2960  55760   13  13  22  22
3000  57960   13  13  22  23
3020  59856   13  14  22  22
3040  60160   13  13  23  23
3060  62056   13  14  22  23
3080  62760   13  13  23  24
3100  64256   13  14  23  23
3120  65360   13  13  24  24
3140  66856   13  14  23  24
3160  68352   14  14  23  23
3180  69456   13  14  24  24
3200  70952   14  14  23  24
3220  72556   13  14  24  25
3240  73552   14  14  24  24
3260  75656   13  14  25  25
3280  76652   14  14  24  25
3300  79356   13  14  25  26
3320  79752   14  14  25  25
3325  82648   13  18  24  25
3330  82844   14  17  24  24
3340  83056   13  14  26  26
3360  83452   14  14  25  26
3365  85748   13  18  25  25
3375  85844   14  20  24  24
3385  86744   14  18  24  25
3400  87152   14  14  26  26
3415  88944   14  20  24  25
3420  89356   13  14  23  29
3425  89844   14  18  25  25
3430  90444   14  21  24  25
3440  90844   14  19  25  25
3460  91956   13  14  24  29
3480  93452   14  14  23  29
3500  95056   13  14  25  29
3520  96052   14  14  24  29
3540  98756   13  14  26  29
3560  99152   14  14  25  29
3565  102048  13  18  24  29
3570  102744  14  17  23  29
3600  102852  14  14  26  29
3605  105148  13  18  25  29
3610  105344  14  17  24  29
3615  105744  14  20  23  29
3625  106144  14  18  24  29
3640  107144  14  19  24  29
3655  108344  14  20  24  29
3665  109244  14  18  25  29
3670  109844  14  21  24  29
3680  110244  14  19  25  29
3695  111444  14  20  25  29
3705  112944  14  18  26  29
3710  112944  14  21  25  29
3720  113944  14  19  26  29
3740  114456  13  14  29  29
3750  116644  14  21  26  29
3760  118236  19  19  24  29
3765  118444  14  22  26  29
3800  118552  14  14  29  29
3805  122136  20  21  24  29
3815  122536  19  20  25  29
3820  123636  21  21  24  29
3830  123736  20  20  25  29
3845  124548  13  18  29  29
3860  125548  13  19  29  29
3875  126748  13  20  29  29
3890  127844  14  17  29  29
3905  128644  14  18  29  29
3920  129644  14  19  29  29
3935  130844  14  20  29  29
3950  132344  14  21  29  29
3965  134144  14  22  29  29
3980  136344  14  23  29  29
3995  137936  17  18  29  29
4010  138736  18  18  29  29
4025  139736  18  19  29  29
4040  140736  19  19  29  29
4055  141936  19  20  29  29
4070  143136  20  20  29  29
4085  144636  20  21  29  29
4100  146136  21  21  29  29
4115  147936  21  22  29  29
4130  149736  22  22  29  29
4145  151936  22  23  29  29
4160  154136  23  23  29  29
4175  156736  23  24  29  29
4190  159336  24  24  29  29
4205  162436  24  25  29  29
4220  165536  25  25  29  29
4235  169236  25  26  29  29
4250  172936  26  26  29  29
4265  177036  22  29  29  29
4280  179236  23  29  29  29
4295  181836  24  29  29  29
4310  184936  25  29  29  29
4325  188636  26  29  29  29
4340  193036  27  29  29  29
4355  198236  28  29  29  29
4400  204336  29  29  29  29
